10
23
31
43
44
49
51
54
56
58
59
63
70
76
83
86
88
96
101
107
109
113
128
135
138
139
140
141
155
156
158
163
168
170
174
192
198
199
208
209
210
218
220
231
233
240
243
244
247
260
265
270
274
275
277
286
289
290
292
294
296
298
299
306
308
309
319
321
323
328
331
332
336
342
352
354
355
358
361
362
363
367
380
382
409
423
427
428
432
435
439
442
447
462
471
477
481
482
485
486
494
506
519
526
533
534
535
545
548
552
557
558
560
572
573
575
582
584
588
589
591
596
597
598
602
615
622
628
629
631
636
650
661
665
666
667
675
688
690
692
695
700
706
708
712
714
715
717
718
727
732
736
754
755
761
765
781
783
785
786
787
789
796
798
799
806
808
812
814
817
830
834
837
841
849
853
855
858
864
866
867
872
879
884
888
892
893
894
899
905
909
910
913
930
940
942
944
953
968
971
977
980
986
993
1002
1005
1009
1010
1014
1018
1027
1033
1034
1036
1040
1041
1043
1047
1050
1052
1057
1065
1087
1098
1106
1110
1121
1137
1139
1142
1150
1158
1160
1164
1165
